875 865 84 764 8764 854 754
8754 8654 87654 73 873 8763 753 653
8653 7653 87653 743 643 7643 87643
8543 7543 87543 86543 76543 876543 872
62 862 762 8762 8752 7652 87652 842 642
542 7542 87542 6542 76542 832 8732 632
87632 532 8532 87532 6532 86532 76532 
876532 8432 7432 87432 6432 76432 85432
75432 875432 65432  765432 861 761 51
751  8751 651 8651 7651 87651 841 8741
7641 87641 87541 6541 86541 76541
876541 831 8731 8631 87631 531
86531  431 8431 87431 6431 86431 76431
876431 5431 85431 65431 865431 721
8621 7621 87621 521 8521 87521 86521
76521 876521 421 8421 7421 87421 76421
5421 85421 75421 875421 65421 765421
7321 87321 6321 86321 76321 876321
5321 85321 65321 865321 84321 74321
874321 64321 764321 54321 854321 654321

